-33.947985,18.40273000000002
-77.845627,166.64307699999995
-0.535222,166.92323599999997
-77.845627,166.64307699999995
13.179582,-14.293952999999988
-37.755614,148.06544099999996
27.036899,142.17631900000003
-29.255056,16.868157999999994
10.534826,7.437535000000025
16.193513,77.33944199999996
15.208576,145.717629
47.567891,-52.68311900000003
-4.292178,55.702313000000004
59.602586,-151.42426799999998
-25.746692,28.187395000000038
-62.595541,-59.90453500000001
-28.091646,20.01153499999998
36.23875,137.969422
70.187502,-148.434573
-3.067892,37.327342000000044
-77.845627,166.64307699999995
78.217967,15.640835000000038
-25.746692,28.187395000000038
-15.806513,129.94232
-8.150731,110.61188400000003
89.944519,-66.97265400000003
52.041612,-9.530979000000002
-5.156712,-35.499701000000016
-44.437489,169.19440099999997
69.113847,-105.05981500000001
-33.437545,-70.65116799999998
63.740602,-68.51068800000002
49.822006,-75.32978700000001
59.602586,-151.42426799999998
62.466877,-114.34873500000003
-70.942487,-132.62695299999996
-85.000016,-54.15079400000002
53.939963,-166.63187800000003
-8.421053,105.00507900000002
-2.420993,34.850169999999935
-5.423732,71.82834700000001
38.008277,32.52011100000004
22.348159,75.39645300000007
-23.358849,119.72795599999995
-33.962213,25.623217000000068
31.254954,75.70556799999997
-25.746692,28.187395000000038
59.561657,150.80043
39.196319,-92.029694
66.046142,-17.342764999999986
19.925214,-155.89009199999998
-33.437545,-70.65116799999998
-77.845627,166.64307699999995
78.217967,15.640835000000038
26.916942,70.77804500000002
14.911201,-23.496194999999943
-29.485365,30.237769999999955
78.217967,15.640835000000038
59.561657,150.80043
-3.067892,37.327342000000044
69.113847,-105.05981500000001
48.361176,-123.80962599999998
-33.962213,25.623217000000068
26.064313,-173.960887
-37.817469,144.96734600000002
-77.845627,166.64307699999995
-2.528231,-44.307668000000035
20.61225,-105.23402599999997
-54.285328,-36.512226
-37.898098,140.376348
44.0403,-64.71614399999999
63.740602,-68.51068800000002
-25.074893,-130.08887500000003
-22.628085,45.353992999999946
-85.000016,-54.15079400000002
-33.692633,-53.45550100000003
58.652978,-124.23726299999998
-62.595541,-59.90453500000001
-46.104124,-72.04668700000002
-5.29664,-105.776367
-31.958528,115.85827799999993
70.978118,25.98020900000006
70.187502,-148.434573
-33.947985,18.40273000000002
-8.801237,13.224927999999977
78.922785,11.940621999999962
-21.272034,-159.74764600000003
-54.285328,-36.512226
16.109782,-90.47591699999998
78.217967,15.640835000000038
78.217967,15.640835000000038
-85.000016,-54.15079400000002
78.217967,15.640835000000038
-33.962213,25.623217000000068
-25.927981,113.533773
19.897396,102.14253200000007
-85.000016,-54.15079400000002
0.733317,73.43369000000007
28.198379,-177.38477899999998
-22.399824,31.04091900000003
-62.595541,-59.90453500000001